02010101010101010101010101010101010101010101010101010101010101010101010101010102
02010101010101010101010101010101010101010101010101010101010101010101010101010102
02010101010101010101010101010101010101010101010101010101010101010101010101010102
02010101010101010101010101010101010101010101010101010101010101010101010101010102
02010101010101010101010101010101010101010101010101010101010101010101010101010102
02010101010101010101010101010101010101010101010101010101010101010101010101010102
02010101010101010101010101010101010101010101010101010101010101010101010101010102
02010101010101010101010101010101010101010101010101010101010101010101010101010102
02010101010101010101010101010101010101010101010101010101010101010101010101010102
02010101010101010101010101010101010101010101010101010101010101010101010101010102
02010101010101010101010101010101010101010101010101010101010101010101010101010102
02010101010101010101010101010101010101010101010101010101010101010101010101010102
02010101010101010101010101010101010101010101010101010101010101010101010101010102
02010101010101010101010101010101010101010101010101010101010101010101010101010102
02010101010101010101010101010101010101010101010101010101010101010101010101010102
02010101010101010101010101010101010101010101010101010101010101010101010101010102
02010101010101010101010101010101010101010101010101010101010101010101010101010102
02010101010101010101010101010101010101010101010101010101010101010101010101010102
02010101010101010101010101010101010101010101010101010101010101010101010101010102
02010101010101010101010101010101010101010101010101010101010101010101010101010102
02010101010101010101010101010101010101010101010101010101010101010101010101010102
02010101010101010101010101010101010101010101010101010101010101010101010101010102
02010101010101010101010101010101010101010101010101010101010101010101010101010102
02010101010101010101010101010101010101010101010101010101010101010101010101010102
02010101010101010101010101010101010101010101010101010101010101010101010101010102
02010101010101010101010101010101010101010101010101010101010101010101010101010102
02010101010101010101010101010101010101010101010101010101010101010101010101010102
02010101010101010101010101010101010101010101010101010101010101010101010101010102
02010101010101010101010101010101010101010101010101010101010101010101010101010102
02010101010101010101010101010101010101020101010101010101010101010101010101010102